22300672
22300673
22300674
22300675
22300676
22300677
22300678
22300679
22300680
22300681
22300682
22300683
22301201
22301202
22301203
22301204
22301205
22301206
22301207
22301208
22301209
22301210
22301211
22301212
22301213
22301214
22301215
22301216
22301217
22301218
22301219
22301220
22301221
22301222
22301223
22301224
22301225
22301226
22301227
22301228
22301229
22301230
22300001
22300002
22300003
22300004
22300005
22300006
22300007
22300008
22300009
22300010
22300011
22300012
22300013
22300014
22300015
22300016
22300017
22300018
22300019
22300020
22300021
22300022
22300023
22300024
22300025
22300026
22300027
22300028
22300029
22300030
22300031
22300032
22300033
22300034
22300035
22300036
22300037
22300038
22300039
22300040
22300041
22300042
22300043
22300044
22300045
22300046
22300047
22300048
22300049
22300050
22300051
22300052
22300053
22300054
22300055
22300056
22300057
22300058
22300059
22300060
22300061
22300062
22300063
22300064
22300065
22300066
22300067
22300068
22300069
22300070
22300071
22300072
22300073
22300074
22300075
22300076
22300077
22300078
22300079
22300080
22300081
22300082
22300083
22300084
22300085
22300086
22300087
22300088
22300089
22300090
22300091
22300092
22300093
22300094
22300095
22300096
22300097
22300098
22300099
22300100
22300101
22300102
22300103
22300104
22300105
22300106
22300107
22300108
22300109
22300110
22300111
22300112
22300113
22300114
22300115
22300116
22300117
22300118
22300119
22300120
22300121
22300122
22300123
22300124
22300125
22300126
22300127
22300128
22300129
22300130
22300131
22300132
22300133
22300134
22300135
22300136
22300137
22300138
22300139
22300140
22300141
22300142
22300143
22300144
22300145
22300146
22300147
22300148
22300149
22300150
22300151
22300152
22300153
22300154
22300155
22300156
22300157
22300158
22300159
22300160
22300161
22300162
22300163
22300164
22300165
22300166
22300167
22300168
22300169
22300170
22300171
22300172
22300173
22300174
22300175
22300176
22300177
22300178
22300179
22300180
22300181
22300182
22300183
22300184
22300185
22300186
22300187
22300188
22300189
22300190
22300191
22300192
22300193
22300194
22300195
22300196
22300197
22300198
22300199
22300200
22300201
22300202
22300203
22300204
22300205
22300206
22300207
22300208
22300209
22300210
22300211
22300212
22300213
22300214
22300215
22300216
22300217
22300218
22300219
22300220
22300221
22300222
22300223
22300224
22300225
22300226
22300227
22300228
22300229
22300230
22300231
22300232
22300233
22300234
22300235
22300236
22300237
22300238
22300239
22300240
22300241
22300242
22300243
22300244
22300245
22300246
22300247
22300248
22300249
22300250
22300251
22300252
22300253
22300254
22300255
22300256
22300257
22300258
22300259
22300260
22300261
22300262
22300263
22300264
22300265
22300266
22300267
22300268
22300269
22300270
22300271
22300272
22300273
22300274
22300275
22300276
22300277
22300278
22300279
22300280
22300281
22300282
22300283
22300284
22300285
22300286
22300287
22300288
22300289
22300290
22300291
22300292
22300293
22300294
22300295
22300296
22300297
22300298
22300299
22300300
22300301
22300302
22300303
22300304
22300305
22300306
22300307
22300308
22300309
22300310
22300311
22300312
22300313
22300314
22300315
22300316
22300317
22300318
22300319
22300320
22300321
22300322
22300323
22300324
22300325
22300326
22300327
22300328
22300329
22300330
22300331
22300332
22300333
22300334
22300335
22300336
22300337
22300338
22300339
22300340
22300341
22300342
22300343
22300344
22300345
22300346
22300347
22300348
22300349
22300350
22300351
22300352
22300353
22300354
22300355
22300356
22300357
22300358
22300359
22300360
22300361
22300362
22300363
22300364
22300365
22300366
22300367
22300368
22300369
22300370
22300371
22300372
22300373
22300374
22300375
22300376
22300377
22300378
22300379
22300380
22300381
22300382
22300383
22300384
22300385
22300386
22300387
22300388
22300389
22300390
22300391
22300392
22300393
22300394
22300395
22300396
22300397
22300398
22300399
22300400
22300401
22300402
22300403
22300404
22300405
22300406
22300407
22300408
22300409
22300410
22300411
22300412
22300413
22300414
22300415
22300416
22300417
22300418
22300419
22300420
22300421
22300422
22300423
22300424
22300425
22300426
22300427
22300428
22300429
22300430
22300431
22300432
22300433
22300434
22300435
22300436
22300437
22300438
22300439
22300440
22300441
22300442
22300443
22300444
22300445
22300446
22300447
22300448
22300449
22300450
22300451
22300452
22300453
22300454
22300455
22300456
22300457
22300458
22300459
22300460
22300461
22300462
22300463
22300464
22300465
22300466
22300467
22300468
22300469
22300470
22300471
22300472
22300473
22300474
22300475
22300476
22300477
22300478
22300479
22300480
22300481
22300482
22300483
22300484
22300485
22300486
22300487
22300488
22300489
22300490
22300491
22300492
22300493
22300494
22300495
22300496
22300497
22300498
22300499
22300500
22300501
22300502
22300503
22300504
22300505
22300506
22300507
22300508
22300509
22300510
22300511
22300512
22300513
22300514
22300515
22300516
22300517
22300518
22300519
22300520
22300521
22300522
22300523
22300524
22300525
22300526
22300527
22300528
22300529
22300530
22300531
22300532
22300533
22300534
22300535
22300536
22300537
22300538
22300539
22300540
22300541
22300542
22300543
22300544
22300545
22300546
22300547
22300548
22300549
22300550
22300551
22300552
22300553
22300554
22300555
22300556
22300557
22300558
22300559
22300560
22300561
22300562
22300563
22300564
22300565
22300566
22300567
22300568
22300569
22300570
22300571
22300572
22300573
22300574
22300575
22300577
22300578
22300579
22300580
22300581
22300582
22300583
22300584
22300585
22300586
22300587
22300588
22300590
22300591
22300592
22300593
22300594
22300595
22300596
22300597
22300598
22300599
22300600
22300601
22300602
22300603
22300604
22300605
22300606
22300607
22300608
22300609
22300610
22300611
22300612
22300613
22300614
22300615
22300616
22300617
22300618
22300619
22300620
22300621
22300622
22300623
22300624
22300625
22300626
22300627
22300628
22300629
22300630
22300631
22300632
22300633
22300634
22300635
22300636
22300637
22300638
22300639
22300640
22300641
22300642
22300643
22300644
22300645
22300646
22300647
22300648
22300649
22300650
22300651
22300652
22300653
22300654
22300655
22300656
22300657
22300658
22300659
22300660
22300661
22300662
22300663
22300664
22300665
22300666
22300667
22300668
22300669
22300670
22300671
