0022300314
0022300226
0022301225
0022300027
0022300263
0022300087
0022300365
0022300363
0022300571
0022300202
0022300049
0022300179
0022300245
0022300264
0022300500
0022300512
0022300262
0022300066
0022300439
0022300430
0022300334
0022300139
0022300347
0022300033
0022300458
0022300145
0022300118
0022300473
0022300327
0022300298
0022300427
0022300164
0022300338
0022300337
0022300378
0022300292
0022300114
0022300441
0022300558
0022300421
0022300168
0022300440
0022300302
0022300240
0022300391
0022300340
0022300064
0022300091
0022300482
0022300221
0022300479
0022300236
0022300507
0022300471
0022300553
0022300073
0022300414
0022301202
0022300116
0022300131
0022300034
0022300017
0022300542
0022300547
0022300088
0022300008
0022300009
0022300147
0022300165
0022300157
0022300493
0022300086
0022300247
0022300548
0022300152
0022301213
0022300214
0022300090
0022300072
0022300322
0022300242
0022300529
0022300279
0022300433
0022300371
0022301226
0022300456
0022300556
0022300420
0022300136
0022300195
0022300063
0022300358
0022300280
0022300296
0022300070
0022300446
0022300167
0022300318
0022300208
0022301230
0022300316
0022300104
0022300021
0022300517
0022300319
0022300443
0022300210
0022300422
0022300325
0022300478
0022300451
0022300250
0022300199
0022300305
0022300469
0022300295
0022300079
0022300395
0022300213
0022300209
0022300349
0022301214
0022300010
0022300170
0022300533
0022300289
0022300417
0022300372
0022300434
0022300032
0022300192
0022300243
0022300329
0022300206
0022300012
0022300404
0022300569
0022300159
0022300005
0022300212
0022300198
0022300320
0022300102
0022300448
0022300068
0022300453
0022300408
0022300531
0022300403
0022300370
0022300381
0022300530
0022301217
0022300277
0022300513
0022300563
0022300415
0022300390
0022300284
0022300003
0022300519
0022300175
0022300297
0022300480
0022300398
0022300138
0022301203
0022300465
0022300293
0022300060
0022300488
0022300153
0022300246
0022300562
0022300385
0022300181
0022300031
0022300057
0022301223
0022300006
0022300537
0022300570
0022300002
0022300339
0022300416
0022300545
0022301204
0022300261
0022300487
0022300429
0022300501
0022300544
0022300369
0022300144
0022300376
0022300237
0022300541
0022300356
0022300550
0022300098
0022300326
0022300447
0022300269
0022300310
0022300204
0022300435
0022300273
0022300394
0022300521
0022300238
0022300191
0022300150
0022300494
0022300393
0022300239
0022300475
0022300392
0022300074
0022300040
0022300130
0022300071
0022300413
0022300484
0022300172
0022300095
0022300275
0022300401
0022300495
0022300345
0022300380
0022300113
0022300308
0022300432
0022300355
0022300567
0022300498
0022300577
0022300137
0022300127
0022300523
0022300518
0022301209
0022300291
0022300423
0022300186
0022300515
0022300101
0022301215
0022300346
0022300386
0022300520
0022300303
0022300026
0022300061
0022300445
0022300141
0022300056
0022300075
0022300351
0022300132
0022300255
0022300384
0022300359
0022300211
0022300464
0022300035
0022300485
0022300216
0022300011
0022300051
0022300449
0022300330
0022300492
0022301210
0022300251
0022300233
0022301211
0022300508
0022300122
0022300161
0022300524
0022300022
0022301221
0022300047
0022300307
0022300375
0022300304
0022300360
0022300222
0022300503
0022300013
0022300565
0022300055
0022300312
0022300317
0022300387
0022300001
0022300053
0022300058
0022300431
0022300258
0022300472
0022300125
0022300405
0022300410
0022300265
0022300294
0022300134
0022300050
0022300505
0022300129
0022300112
0022300328
0022300184
0022300133
0022300552
0022300514
0022300343
0022301228
0022300160
0022300424
0022300203
0022300007
0022300311
0022300573
0022300554
0022300229
0022300418
0022300100
0022300407
0022300285
0022300253
0022300568
0022300103
0022300572
0022300454
0022300561
0022300323
0022300162
0022300270
0022300516
0022300536
0022300309
0022300354
0022301227
0022300193
0022300077
0022300425
0022300564
0022300015
0022300540
0022300069
0022300146
0022300024
0022300166
0022300411
0022300082
0022300080
0022300149
0022300491
0022300038
0022300352
0022300526
0022300218
0022300019
0022300228
0022300332
0022300559
0022300522
0022300178
0022300254
0022300018
0022300123
0022300177
0022300555
0022300257
0022300259
0022300281
0022300093
0022300481
0022300510
0022301208
0022300543
0022300428
0022300190
0022300267
0022300301
0022300016
0022300120
0022300374
0022300389
0022300188
0022300489
0022300044
0022300566
0022301220
0022300348
0022300140
0022300379
0022300412
0022300477
0022300154
0022300062
0022300163
0022300268
0022300450
0022300315
0022300400
0022300442
0022300470
0022300176
0022300546
0022300110
0022300107
0022300083
0022300353
0022300225
0022300509
0022300231
0022300111
0022300042
0022300143
0022300169
0022300085
0022300217
0022300028
0022300124
0022300219
0022300578
0022300486
0022300256
0022300081
0022300182
0022300367
0022300171
0022300283
0022300364
0022300096
0022300373
0022300046
0022300067
0022300534
0022300041
0022301201
0022300194
0022300155
0022300287
0022300437
0022300173
0022300092
0022300461
0022300183
0022300496
0022300234
0022301212
0022300200
0022300462
0022300241
0022300158
0022300224
0022300324
0022300467
0022300014
0022300039
0022300490
0022300045
0022300084
0022300260
0022300249
0022300128
0022300097
0022300274
0022300235
0022301218
0022300511
0022300117
0022301206
0022300409
0022300151
0022300506
0022300557
0022300463
0022300059
0022300099
0022300252
0022300459
0022300089
0022300065
0022300020
0022300406
0022300460
0022300271
0022300266
0022300105
0022300290
0022301224
0022300288
0022300368
0022300313
0022300076
0022300106
0022301222
0022301207
0022300419
0022300276
0022300174
0022300299
0022300383
0022300382
0022300215
0022300357
0022300426
0022300474
0022300397
0022301219
0022300504
0022300227
0022300455
0022300444
0022300574
0022300185
0022300502
0022300189
0022301205
0022300109
0022300025
0022300532
0022300201
0022301216
0022300230
0022300399
0022300272
0022300300
0022300336
0022300560
0022300528
0022300483
0022300335
0022300331
0022300004
0022300036
0022300078
0022300278
0022300180
0022300476
0022301229
0022300402
0022300223
0022300244
0022300187
0022300248
0022300119
0022300438
0022300115
0022300527
0022300207
0022300205
0022300054
0022300538
0022300029
0022300232
0022300286
0022300457
0022300282
0022300333
0022300535
0022300135
0022300048
0022300436
0022300043
0022300196
0022300148
0022300366
0022300052
0022300539
0022300525
0022300126
0022300108
0022300361
0022300306
0022300342
0022300023
0022300121
0022300452
0022300037
0022300362
0022300344
0022300499
0022300197
0022300396
0022300549
0022300377
0022300388
0022300142
0022300350
0022300551
0022300030
0022300341
0022300497
0022300466
0022300156
0022300468
0022300575
0022300094
0022300321
0022300220
